1685484857.512275,0
1685484857.618122,5
1685484857.720881,6
1685484857.823361,7
1685484857.926602,9
1685484858.029710,10
1685484858.133103,10
1685484858.236697,10
1685484858.339121,11
1685484858.441085,9
1685484858.544639,9
1685484858.666119,10
1685484858.769029,7
1685484858.879006,6
1685484858.981756,8
1685484859.084402,9
1685484859.186463,9
1685484859.289335,12
1685484859.395978,12
1685484859.501110,18
1685484859.605369,20
1685484859.715157,20
1685484859.817763,20
1685484859.922483,17
1685484860.025219,18
1685484860.131419,18
1685484860.236267,18
1685484860.338874,15
1685484860.443917,16
1685484860.549389,16
1685484860.651460,16
1685484860.760212,16
1685484860.862345,16
1685484860.964327,16
1685484861.067490,16
1685484861.170097,16
1685484861.275851,16
1685484861.378249,16
1685484861.481141,16
1685484861.583547,17
1685484861.686139,18
1685484861.788352,20
1685484861.890496,20
1685484861.993186,20
1685484862.096291,20
1685484862.198877,19
1685484862.300770,19
1685484862.402894,20
1685484862.505436,20
1685484862.607955,20
1685484862.710669,19
1685484862.816595,20
1685484862.918684,20
1685484863.021104,20
1685484863.124063,20
1685484863.226797,20
1685484863.329848,18
1685484863.433568,17
1685484863.536972,17
1685484863.642844,17
1685484863.745819,20
1685484863.848294,20
1685484863.951125,16
1685484864.056034,15
1685484864.159110,16
1685484864.261580,19
1685484864.363710,20
1685484864.466054,20
1685484864.568085,16
1685484864.670762,12
1685484864.773276,10
1685484864.875601,9
1685484864.978561,5
1685484865.082087,4
1685484865.184967,4
1685484865.287722,4
1685484865.390653,4
1685484865.493233,4
1685484865.595856,5
1685484865.698334,5
1685484865.802342,6
1685484865.904677,5
1685484866.007047,5
1685484866.109763,6
1685484866.214063,6
1685484866.316680,6
1685484866.420069,6
1685484866.522511,6
1685484866.626834,6
1685484866.729701,5
1685484866.834587,5
1685484866.936604,5
1685484867.039098,5
1685484867.142351,5
1685484867.244768,6
1685484867.347442,5
1685484867.449704,5
1685484867.551877,5
1685484867.653966,3
1685484867.756589,3
1685484867.858631,3
1685484867.960709,5
1685484868.063413,6
1685484868.166003,7
1685484868.268340,8
1685484868.370803,8
1685484868.472902,8
1685484868.574840,8
1685484868.677331,8
1685484868.779596,9
1685484868.881772,8
1685484868.983918,8
1685484869.087080,9
1685484869.189170,7
1685484869.291496,8
1685484869.393749,8
1685484869.497070,7
1685484869.600967,7
1685484869.705106,8
1685484869.807405,8
1685484869.916661,8
1685484870.020841,8
1685484870.123789,15
1685484870.226288,16
1685484870.328449,19
1685484870.431576,20
1685484870.534368,20
1685484870.641334,19
1685484870.745115,20
1685484870.847826,20
1685484870.949999,20
1685484871.052836,20
1685484871.156132,20
1685484871.263443,20
1685484871.366323,20
1685484871.468484,20
1685484871.571001,20
1685484871.673170,17
1685484871.775374,10
1685484871.877538,11
1685484871.982679,11
1685484872.085919,9
1685484872.188397,8
1685484872.290824,8
1685484872.392888,8
1685484872.497925,8
1685484872.600022,8
1685484872.702199,8
1685484872.804280,8
1685484872.909594,7
1685484873.013938,8
1685484873.119349,7
1685484873.223888,8
1685484873.326149,9
1685484873.428491,8
1685484873.530643,8
1685484873.632983,7
1685484873.742319,8
1685484873.844868,8
1685484873.947891,8
1685484874.050745,8
1685484874.153745,7
1685484874.257876,9
1685484874.360103,7
1685484874.464313,8
1685484874.566378,8
1685484874.668668,8
1685484874.772319,9
1685484874.877226,9
1685484874.979125,9
1685484875.084995,8
1685484875.187738,8
1685484875.290160,8
1685484875.393038,8
1685484875.495382,9
1685484875.597047,8
1685484875.699068,9
1685484875.801124,9
1685484875.903392,8
1685484876.005782,7
1685484876.109176,8
1685484876.212099,8
1685484876.314515,8
1685484876.417217,8
1685484876.519754,9
1685484876.623500,8
1685484876.725976,8
1685484876.827944,8
1685484876.932560,8
1685484877.038508,10
1685484877.141460,17
1685484877.244475,16
1685484877.347148,18
1685484877.449729,20
1685484877.551786,20
1685484877.653853,20
1685484877.761663,20
1685484877.869810,19
1685484877.973663,15
1685484878.076842,15
1685484878.179176,19
1685484878.281716,20
1685484878.383783,17
1685484878.488098,10
1685484878.589967,8
1685484878.693215,8
1685484878.795318,8
1685484878.897523,11
1685484878.999759,14
1685484879.102836,15
1685484879.205365,11
1685484879.308114,11
1685484879.412583,11
1685484879.515176,11
1685484879.617075,12
1685484879.719455,13
1685484879.821933,14
1685484879.924170,17
1685484880.026465,18
1685484880.130394,14
1685484880.232650,13
1685484880.334814,14
1685484880.436899,14
1685484880.539022,15
1685484880.641046,15
1685484880.743885,18
1685484880.846364,19
1685484880.948546,20
1685484881.052642,16
1685484881.157647,16
1685484881.259986,16
1685484881.362561,16
1685484881.464893,16
1685484881.568485,17
1685484881.670989,19
1685484881.773010,19
1685484881.875051,20
1685484881.977439,15
1685484882.081430,16
1685484882.184736,16
1685484882.286804,17
1685484882.389034,17
1685484882.500011,17
1685484882.602707,20
1685484882.704878,19
1685484882.807376,18
1685484882.909353,17
1685484883.011598,16
1685484883.114881,17
1685484883.217215,17
1685484883.319285,19
1685484883.421300,18
1685484883.525705,19
1685484883.628403,20
1685484883.731164,16
1685484883.833655,16
1685484883.935664,20
1685484884.037777,20
1685484884.140859,17
1685484884.264783,20
1685484884.368660,19
1685484884.471082,20
1685484884.573323,18
1685484884.675881,20
1685484884.779826,20
1685484884.881897,18
1685484884.987791,20
1685484885.092824,20
1685484885.197059,19
1685484885.299495,20
1685484885.402971,19
1685484885.505222,19
1685484885.607159,19
1685484885.710640,19
1685484885.815065,20
1685484885.920581,20
1685484886.024831,20
1685484886.128036,19
1685484886.231365,20
1685484886.333611,20
1685484886.436012,19
1685484886.538360,19
1685484886.640195,20
1685484886.742646,20
1685484886.844650,19
1685484886.948845,19
1685484887.052129,19
1685484887.154850,18
1685484887.257292,20
1685484887.360508,19
1685484887.462281,19
1685484887.564462,20
1685484887.666902,20
1685484887.769350,19
1685484887.872092,19
1685484887.974130,14
1685484888.077491,11
1685484888.185708,10
1685484888.289373,8
1685484888.392221,8
1685484888.495142,7
1685484888.598975,6
1685484888.704163,7
1685484888.807195,9
1685484888.909649,11
1685484889.013324,14
1685484889.117402,12
1685484889.219768,10
1685484889.322774,10
1685484889.425444,11
1685484889.528637,11
1685484889.636442,11
1685484889.740061,13
1685484889.845041,17
1685484889.948603,17
1685484890.054514,13
1685484890.158159,12
1685484890.263133,13
1685484890.366282,13
1685484890.468930,14
1685484890.571809,16
1685484890.675879,19
1685484890.779062,19
1685484890.882487,15
1685484890.985619,16
1685484891.089007,15
1685484891.191888,15
1685484891.294509,16
1685484891.398839,17
1685484891.501711,19
1685484891.604667,19
1685484891.707634,18
1685484891.810372,16
1685484891.913277,16
1685484892.018301,16
1685484892.121712,16
1685484892.224777,17
1685484892.332492,20
1685484892.435303,19
1685484892.538284,15
1685484892.641050,16
1685484892.744176,15
1685484892.847143,15
1685484892.951001,17
1685484893.068034,18
1685484893.171423,20
1685484893.274859,20
1685484893.381438,20
1685484893.484627,19
1685484893.588757,20
1685484893.691763,20
1685484893.795834,20
1685484893.898844,20
1685484894.002004,20
1685484894.104869,20
1685484894.209890,19
1685484894.313355,19
1685484894.416185,20
1685484894.519235,20
1685484894.623326,20
1685484894.727423,20
1685484894.832681,19
1685484894.936357,20
1685484895.039811,20
1685484895.146123,20
1685484895.250278,20
1685484895.353660,20
1685484895.456386,20
1685484895.559434,20
1685484895.662766,19
1685484895.766404,20
1685484895.869889,19
1685484895.973192,19
1685484896.076691,20
1685484896.179426,19
1685484896.282105,19
1685484896.387086,20
1685484896.489818,19
1685484896.598840,20
1685484896.701128,18
1685484896.803774,19
1685484896.907793,19
1685484897.010208,19
1685484897.113284,19
1685484897.215843,20
1685484897.319130,19
1685484897.421090,19
1685484897.525387,18
1685484897.627465,19
1685484897.729575,17
1685484897.831698,14
1685484897.933721,13
1685484898.036175,15
1685484898.138897,17
1685484898.241418,16
1685484898.343714,11
1685484898.450201,11
1685484898.552191,10
1685484898.655460,10
1685484898.758325,4
1685484898.861411,2
1685484898.964638,3
1685484899.068636,3
1685484899.171569,6
1685484899.274157,7
1685484899.376805,9
1685484899.479415,10
1685484899.582301,10
1685484899.686090,11
1685484899.789288,11
1685484899.892231,10
1685484899.994666,10
1685484900.098026,10
1685484900.200737,11
1685484900.304974,11
1685484900.411509,11
1685484900.513670,10
1685484900.617439,9
1685484900.721544,10
1685484900.826267,8
1685484900.929243,9
1685484901.031743,10
1685484901.137835,9
1685484901.240942,10
1685484901.343974,9
1685484901.449971,8
1685484901.552949,8
1685484901.656301,8
1685484901.758844,9
1685484901.862312,8
1685484901.971179,9
1685484902.074630,9
1685484902.179769,8
1685484902.283161,9
1685484902.386277,9
1685484902.489196,9
1685484902.592121,8
1685484902.695961,8
1685484902.798792,9
1685484902.901484,9
1685484903.004279,9
1685484903.107627,8
1685484903.210819,11
1685484903.317327,9
1685484903.423886,15
1685484903.526885,16
1685484903.629535,18
1685484903.733512,19
1685484903.836850,19
1685484903.939722,20
1685484904.042172,19
1685484904.144997,20
1685484904.247881,20
1685484904.350405,20
1685484904.453043,20
1685484904.556080,20
1685484904.658695,20
1685484904.763440,18
1685484904.866023,17
1685484904.968757,18
1685484905.073083,14
1685484905.176138,13
1685484905.278984,13
1685484905.382376,11
1685484905.486998,9
1685484905.591063,9
1685484905.695103,10
1685484905.799115,8
1685484905.902387,9
1685484906.007390,9
1685484906.112360,9
1685484906.216078,9
1685484906.319223,10
1685484906.422619,9
1685484906.525746,9
1685484906.629956,9
1685484906.732889,9
1685484906.840081,9
1685484906.942955,9
1685484907.047899,10
1685484907.153706,10
1685484907.257261,9
1685484907.360736,10
1685484907.464497,10
1685484907.567484,8
1685484907.670101,9
1685484907.772989,9
1685484907.876970,10
1685484907.980514,9
1685484908.084168,8
1685484908.187888,9
1685484908.290921,9
1685484908.395157,8
1685484908.498218,9
1685484908.601518,9
1685484908.709097,9
1685484908.817381,9
1685484908.920305,10
1685484909.023382,7
1685484909.126179,2
1685484909.228734,2
1685484909.331940,3
1685484909.435564,2
1685484909.538897,4
1685484909.645427,7
1685484909.751598,6
1685484909.854462,7
1685484909.957775,8
1685484910.065720,8
1685484910.168555,9
1685484910.278300,10
1685484910.381332,11
1685484910.486235,19
1685484910.589634,19
1685484910.692691,18
1685484910.795437,17
1685484910.898723,19
1685484911.001212,16
1685484911.104201,15
1685484911.207099,19
1685484911.309933,20
1685484911.412799,19
1685484911.515760,20
1685484911.618963,20
1685484911.729897,20
1685484911.832598,20
1685484911.935463,20
1685484912.038857,19
1685484912.144707,13
1685484912.251817,15
1685484912.357038,13
1685484912.461069,11
1685484912.564790,10
1685484912.667981,9
1685484912.772243,9
1685484912.875252,9
1685484912.978267,8
1685484913.081345,8
1685484913.184973,8
1685484913.288151,7
1685484913.393092,8
1685484913.496347,9
1685484913.601774,7
1685484913.704997,8
1685484913.808047,7
1685484913.911433,7
1685484914.014255,8
1685484914.121864,8
1685484914.225511,7
1685484914.328552,9
1685484914.431162,8
1685484914.538328,8
1685484914.648172,9
1685484914.751376,10
1685484914.856274,10
1685484914.962747,10
1685484915.065778,11
1685484915.172149,9
1685484915.275100,9
1685484915.378076,9
1685484915.480970,9
1685484915.583649,9
1685484915.689146,8
1685484915.793305,9
1685484915.898314,9
1685484916.004668,8
1685484916.107605,9
1685484916.210636,8
1685484916.315698,8
1685484916.424525,9
1685484916.527112,9
1685484916.632106,8
1685484916.734898,8
1685484916.840432,8
1685484916.943543,8
1685484917.046335,8
1685484917.151931,8
1685484917.257244,7
1685484917.361347,7
1685484917.463960,7
1685484917.572675,9
1685484917.675908,14
1685484917.778794,15
1685484917.881574,18
1685484917.985934,20
1685484918.090073,20
1685484918.193155,19
1685484918.299040,20
1685484918.406507,19
1685484918.509162,19
1685484918.611419,20
1685484918.718931,19
1685484918.823627,19
1685484918.932342,20
1685484919.037129,20
1685484919.140265,18
1685484919.242932,16
1685484919.351665,13
1685484919.454629,5
1685484919.557229,4
1685484919.662807,2
1685484919.765527,2
1685484919.887033,3
1685484919.990346,4
1685484920.094420,5
1685484920.197071,5
1685484920.299622,6
1685484920.405306,7
1685484920.509203,9
1685484920.612969,9
1685484920.718189,8
1685484920.821189,9
1685484920.926327,9
1685484921.029726,9
1685484921.133408,10
1685484921.238244,9
1685484921.341846,8
1685484921.444425,9
1685484921.548542,10
1685484921.651535,8
1685484921.754281,8
1685484921.860773,10
1685484921.963703,9
1685484922.069576,8
1685484922.173207,8
1685484922.279330,9
1685484922.383388,8
1685484922.490134,8
1685484922.598569,8
1685484922.704537,7
1685484922.809973,8
1685484922.913354,7
1685484923.016961,8
1685484923.122337,8
1685484923.231685,7
1685484923.334992,8
1685484923.438436,8
1685484923.541776,8
1685484923.645478,8
1685484923.749263,8
1685484923.852723,7
1685484923.959722,7
1685484924.064311,6
1685484924.169653,8
1685484924.275656,6
1685484924.378280,7
1685484924.493182,8
1685484924.598036,9
1685484924.701186,15
1685484924.804961,14
1685484924.910121,18
1685484925.014802,20
1685484925.118065,20
1685484925.220608,19
1685484925.323641,18
1685484925.427939,18
1685484925.533626,18
1685484925.636655,19
1685484925.741649,20
1685484925.848886,19
1685484925.952286,19
1685484926.060884,14
1685484926.177714,13
1685484926.283825,7
1685484926.388194,8
1685484926.496067,8
1685484926.602352,8
1685484926.705268,8
1685484926.808138,8
1685484926.911284,8
1685484927.014534,7
1685484927.119213,8
1685484927.228179,8
1685484927.332078,8
1685484927.434502,8
1685484927.543581,7
1685484927.647327,8
1685484927.752134,8
1685484927.859682,7
1685484927.965906,7
1685484928.070499,8
1685484928.174701,7
1685484928.280670,7
1685484928.386053,8
1685484928.495188,8
1685484928.597594,8
1685484928.699977,7
1685484928.802471,8
1685484928.909403,9
1685484929.011997,8
1685484929.115705,7
1685484929.227395,8
1685484929.329898,9
1685484929.432293,9
1685484929.534580,9
1685484929.637098,8
1685484929.739543,7
1685484929.845957,2
1685484929.948476,2
1685484930.051699,2
1685484930.158147,4
1685484930.260651,6
1685484930.363668,6
1685484930.466074,6
1685484930.568271,8
1685484930.672587,8
1685484930.775039,8
1685484930.877846,8
1685484930.982878,8
1685484931.085883,9
1685484931.189081,8
1685484931.291229,10
1685484931.401175,9
1685484931.504305,10
1685484931.608775,16
1685484931.710963,14
1685484931.812917,19
1685484931.915111,19
1685484932.017018,20
1685484932.122168,18
1685484932.224714,19
1685484932.326814,20
1685484932.431376,20
1685484932.535480,20
1685484932.638249,20
1685484932.745882,20
1685484932.847965,19
1685484932.952794,14
1685484933.057052,13
1685484933.164500,15
1685484933.267229,11
1685484933.371099,11
1685484933.473559,10
1685484933.576339,8
1685484933.680446,8
1685484933.782919,8
1685484933.912777,8
1685484934.014924,9
1685484934.120980,7
1685484934.223911,8
1685484934.329643,8
1685484934.432723,8
1685484934.536604,8
1685484934.640550,7
1685484934.761181,8
1685484934.863924,7
1685484934.967409,8
1685484935.070015,7
1685484935.173097,8
1685484935.275587,7
1685484935.381390,8
1685484935.485312,8
1685484935.592126,8
1685484935.694175,7
1685484935.799128,7
1685484935.905920,8
1685484936.007890,7
1685484936.112271,7
1685484936.214997,8
1685484936.319235,7
1685484936.421473,8
1685484936.524448,7
1685484936.626599,8
1685484936.728743,8
1685484936.834584,8
1685484936.940399,7
1685484937.042397,8
1685484937.148033,8
1685484937.253007,7
1685484937.355944,7
1685484937.460938,7
1685484937.586829,7
1685484937.689033,8
1685484937.791752,9
1685484937.894673,9
1685484937.998589,9
1685484938.102205,9
1685484938.207554,10
1685484938.310252,8
1685484938.419868,8
1685484938.522800,10
1685484938.624929,15
1685484938.731838,16
1685484938.836167,19
1685484938.942160,19
1685484939.044570,20
1685484939.150812,20
1685484939.257172,20
1685484939.360086,20
1685484939.464028,19
1685484939.568503,20
1685484939.671017,20
1685484939.773608,20
1685484939.878800,19
1685484939.981953,19
1685484940.087015,17
1685484940.189617,13
1685484940.317285,6
1685484940.419550,5
1685484940.522837,4
1685484940.627742,4
1685484940.738946,5
1685484940.842926,7
1685484940.945436,7
1685484941.054643,6
1685484941.157514,6
1685484941.259924,7
1685484941.362464,6
1685484941.466290,6
1685484941.569001,7
1685484941.676826,8
1685484941.785931,11
1685484941.888619,9
1685484941.992503,9
1685484942.099139,11
1685484942.201607,12
1685484942.304698,10
1685484942.407276,11
1685484942.510270,11
1685484942.615858,12
1685484942.720362,11
1685484942.822965,12
1685484942.927649,13
1685484943.030657,12
1685484943.133448,11
1685484943.235888,12
1685484943.338883,11
1685484943.441491,10
1685484943.544496,11
1685484943.647597,12
1685484943.754847,12
1685484943.857723,10
1685484943.960413,12
1685484944.064162,10
1685484944.172546,10
1685484944.275896,11
1685484944.378689,12
1685484944.481421,11
1685484944.587621,11
1685484944.690141,11
1685484944.797465,11
1685484944.905135,10
1685484945.007825,11
1685484945.112446,12
1685484945.218406,10
1685484945.331459,11
1685484945.435150,11
1685484945.544813,12
1685484945.650977,18
1685484945.756894,17
1685484945.861872,19
1685484945.968141,19
1685484946.077512,20
1685484946.181147,20
1685484946.284393,20
1685484946.389813,20
1685484946.493955,20
1685484946.597259,19
1685484946.702639,16
1685484946.805438,10
1685484946.910307,13
1685484947.013264,20
1685484947.119916,19
1685484947.223059,20
1685484947.328339,17
1685484947.431358,20
1685484947.536837,17
1685484947.640023,13
1685484947.742780,11
1685484947.845518,12
1685484947.948268,12
1685484948.050866,10
1685484948.159370,10
1685484948.265752,10
1685484948.369561,12
1685484948.474244,11
1685484948.580962,11
1685484948.688003,9
1685484948.790322,11
1685484948.892648,11
1685484948.996319,10
1685484949.100715,9
1685484949.204216,11
1685484949.306519,12
1685484949.409061,10
1685484949.512129,10
1685484949.615311,10
1685484949.717860,11
1685484949.829661,10
1685484949.973991,11
1685484950.077230,11
1685484950.215097,14
1685484950.317565,15
1685484950.420630,12
1685484950.551050,4
1685484950.656146,2
1685484950.759168,2
1685484950.861840,4
1685484950.971193,6
1685484951.074539,6
1685484951.177626,8
1685484951.286821,9
1685484951.484809,10
1685484951.587921,10
1685484951.702265,9
1685484951.819155,7
1685484951.945190,7
1685484952.047526,7
1685484952.153141,7
1685484952.255374,9
1685484952.357385,7
1685484952.459953,7
1685484952.567084,8
1685484952.669877,9
