1685333188.760469,0
1685333188.863612,10
1685333188.965728,12
1685333189.068266,18
1685333189.170418,20
1685333189.273644,20
1685333189.376494,20
1685333189.480498,20
1685333189.583228,20
1685333189.685580,20
1685333189.787907,20
1685333189.893697,20
1685333189.996555,20
1685333190.100100,20
1685333190.202626,20
1685333190.306280,20
1685333190.412714,19
1685333190.515237,20
1685333190.618395,19
1685333190.726200,18
1685333190.828683,19
1685333190.931759,20
1685333191.034739,20
1685333191.140529,20
1685333191.244897,20
1685333191.348505,20
1685333191.455655,20
1685333191.560917,20
1685333191.667268,20
1685333191.774537,20
1685333191.877650,16
1685333191.980409,13
1685333192.082678,14
1685333192.184827,14
1685333192.288399,14
1685333192.390392,14
1685333192.493041,14
1685333192.596836,14
1685333192.698960,15
1685333192.808545,15
1685333192.910802,16
1685333193.013141,16
1685333193.118557,16
1685333193.222620,16
1685333193.326036,16
1685333193.430580,16
1685333193.535316,16
1685333193.638381,17
1685333193.741755,17
1685333193.854597,18
1685333193.957837,18
1685333194.060157,18
1685333194.170417,19
1685333194.280842,19
1685333194.384680,20
1685333194.488597,19
1685333194.591054,19
1685333194.693962,14
1685333194.796830,13
1685333194.901734,13
1685333195.009061,13
1685333195.113150,13
1685333195.217030,13
1685333195.321744,14
1685333195.424670,15
1685333195.532682,15
1685333195.636081,14
1685333195.739427,15
1685333195.845010,15
1685333195.954876,15
1685333196.065376,15
1685333196.173721,16
1685333196.277399,16
1685333196.381470,16
1685333196.492938,16
1685333196.607970,16
1685333196.712814,16
1685333196.826334,17
1685333196.929922,17
1685333197.033256,17
1685333197.138894,17
1685333197.246090,18
1685333197.349390,18
1685333197.452687,18
1685333197.557261,18
1685333197.660300,18
1685333197.768352,18
1685333197.873193,18
1685333197.975576,19
1685333198.078420,19
1685333198.183244,19
1685333198.286721,19
1685333198.389290,19
1685333198.491966,20
1685333198.594787,20
1685333198.697226,20
1685333198.800051,20
1685333198.920131,20
1685333199.024254,20
1685333199.127234,20
1685333199.230528,20
1685333199.335996,20
1685333199.441362,20
1685333199.544289,20
1685333199.648986,20
1685333199.751521,19
1685333199.853853,19
1685333199.958888,19
1685333200.062052,19
1685333200.165149,19
1685333200.268446,19
1685333200.371620,19
1685333200.474136,19
1685333200.578003,19
1685333200.683892,19
1685333200.786968,19
1685333200.890373,20
1685333200.992511,20
1685333201.096846,19
1685333201.207004,19
1685333201.310586,19
1685333201.413404,19
1685333201.519474,19
1685333201.622209,20
1685333201.731662,20
1685333201.836510,20
1685333201.940085,20
1685333202.043202,20
1685333202.145352,20
1685333202.248475,20
1685333202.352269,19
1685333202.455611,18
1685333202.558079,17
1685333202.662097,17
1685333202.764500,17
1685333202.867101,17
1685333202.976043,16
1685333203.078320,17
1685333203.180593,17
1685333203.284830,16
1685333203.387482,16
1685333203.493998,17
1685333203.595797,16
1685333203.699852,16
1685333203.802887,17
1685333203.906518,17
1685333204.011321,17
1685333204.115349,17
1685333204.217536,17
1685333204.322185,18
1685333204.428405,18
1685333204.530575,18
1685333204.638010,18
1685333204.740319,18
1685333204.849682,19
1685333204.953067,19
1685333205.055264,19
1685333205.157818,19
1685333205.261217,19
1685333205.365566,20
1685333205.468605,20
1685333205.571043,20
1685333205.673127,20
1685333205.775396,17
1685333205.877572,18
1685333205.981253,16
1685333206.084474,16
1685333206.187110,16
1685333206.292427,17
1685333206.394798,17
1685333206.505236,16
1685333206.608350,16
1685333206.712114,16
1685333206.820433,17
1685333206.929267,17
1685333207.031232,17
1685333207.136098,17
1685333207.240467,17
1685333207.344384,18
1685333207.447767,18
1685333207.550132,18
1685333207.654288,18
1685333207.757614,18
1685333207.859532,18
1685333207.964745,19
1685333208.066921,19
1685333208.169577,19
1685333208.275147,19
1685333208.381374,19
1685333208.483536,20
1685333208.587060,20
1685333208.693772,20
1685333208.796294,20
1685333208.898186,20
1685333209.000305,20
1685333209.102505,20
1685333209.204374,20
1685333209.311265,20
1685333209.416081,20
1685333209.527603,20
1685333209.630093,20
1685333209.741194,19
1685333209.843229,19
1685333209.945285,19
1685333210.047911,19
1685333210.155985,19
1685333210.265430,18
1685333210.375930,18
1685333210.478295,18
1685333210.580281,18
1685333210.685309,19
1685333210.787522,17
1685333210.889722,17
1685333210.992377,16
1685333211.094413,17
1685333211.200785,17
1685333211.306057,18
1685333211.409566,18
1685333211.513516,20
1685333211.615917,20
1685333211.723231,19
1685333211.825581,19
1685333211.932711,18
1685333212.034915,20
1685333212.139088,20
1685333212.247024,20
1685333212.349659,20
1685333212.452552,20
1685333212.561175,20
1685333212.663813,20
1685333212.837652,20
1685333212.942639,20
1685333213.046263,20
1685333213.154480,20
1685333213.258707,19
1685333213.366931,19
1685333213.468862,18
1685333213.571028,18
1685333213.675130,17
1685333213.777234,18
1685333213.881441,18
1685333213.984168,18
1685333214.088802,19
1685333214.190883,19
1685333214.296951,19
1685333214.400682,19
1685333214.503017,19
1685333214.605426,19
1685333214.708274,20
1685333214.813511,19
1685333214.915412,20
1685333215.017586,20
1685333215.121251,20
1685333215.223464,20
1685333215.328367,17
1685333215.430736,17
1685333215.533303,17
1685333215.637843,17
1685333215.740187,18
1685333215.842331,17
1685333215.945986,15
1685333216.048243,13
1685333216.150334,12
1685333216.253435,13
1685333216.357715,13
1685333216.463524,13
1685333216.565728,12
1685333216.671741,12
1685333216.779960,12
1685333216.881857,12
1685333216.990992,12
1685333217.094674,12
1685333217.197629,11
1685333217.301505,13
1685333217.405226,12
1685333217.507245,12
1685333217.632634,12
1685333217.740454,12
1685333217.847203,12
1685333217.951447,13
1685333218.053321,13
1685333218.155926,14
1685333218.261610,13
1685333218.368037,14
1685333218.470293,14
1685333218.572387,14
1685333218.676560,15
1685333218.779031,15
1685333218.884601,15
1685333218.991012,16
1685333219.093275,16
1685333219.198592,16
1685333219.304574,16
1685333219.406806,16
1685333219.510151,16
1685333219.618619,16
1685333219.723641,17
1685333219.825899,17
1685333219.927833,17
1685333220.031178,18
1685333220.135798,19
1685333220.241086,19
1685333220.344279,18
1685333220.446589,18
1685333220.548692,18
1685333220.650998,18
1685333220.753085,19
1685333220.862264,19
1685333220.964700,19
1685333221.067817,20
1685333221.177724,20
1685333221.284027,20
1685333221.386337,20
1685333221.488213,20
1685333221.590206,20
1685333221.697599,19
1685333221.799982,19
1685333221.903414,17
1685333222.009025,17
1685333222.170221,17
1685333222.273479,17
1685333222.378781,17
1685333222.482778,17
1685333222.587912,17
1685333222.691887,17
1685333222.795195,17
1685333222.897275,19
1685333223.003533,19
1685333223.107795,19
1685333223.211147,19
1685333223.318729,19
1685333223.422385,19
1685333223.547548,20
1685333223.649518,20
1685333223.752212,20
1685333223.855596,19
1685333223.958944,17
1685333224.063138,17
1685333224.167208,17
1685333224.270355,17
1685333224.373034,18
1685333224.475527,17
1685333224.577746,18
1685333224.683547,18
1685333224.786407,18
1685333224.888834,18
1685333224.991178,19
1685333225.093217,19
1685333225.195327,19
1685333225.302140,19
1685333225.406313,19
1685333225.508602,19
1685333225.610691,20
1685333225.717334,15
1685333225.819639,14
1685333225.923039,13
1685333226.029623,13
1685333226.132907,13
1685333226.235298,13
1685333226.338385,13
1685333226.440897,14
1685333226.542930,14
1685333226.645853,14
1685333226.748431,14
1685333226.850794,13
1685333226.952880,13
1685333227.058112,14
1685333227.163042,14
1685333227.266359,14
1685333227.368551,14
1685333227.474618,15
1685333227.577776,15
1685333227.683696,15
1685333227.792104,15
1685333227.894517,15
1685333227.998624,15
1685333228.100746,16
1685333228.203270,16
1685333228.308355,16
1685333228.411715,16
1685333228.520858,17
1685333228.622979,17
1685333228.725040,17
1685333228.830924,17
1685333228.933431,17
1685333229.039268,18
1685333229.142268,18
1685333229.244946,18
1685333229.351253,18
1685333229.454382,18
1685333229.556205,19
1685333229.658405,19
1685333229.760573,19
1685333229.870933,19
1685333229.978696,19
1685333230.080887,19
1685333230.190942,20
1685333230.294212,20
1685333230.399482,20
1685333230.501818,20
1685333230.603811,20
1685333230.712134,20
1685333230.814511,20
1685333230.918075,20
1685333231.020326,20
1685333231.122407,20
1685333231.224522,20
1685333231.328960,20
1685333231.431239,19
1685333231.537373,18
1685333231.640795,19
1685333231.743372,19
1685333231.851740,20
1685333231.956248,20
1685333232.058546,19
1685333232.163593,20
1685333232.270997,20
1685333232.375128,20
1685333232.477431,20
1685333232.583310,19
1685333232.686857,20
1685333232.789839,19
1685333232.891702,15
1685333232.995858,16
1685333233.099751,16
1685333233.201962,15
1685333233.305532,15
1685333233.410706,15
1685333233.515621,15
1685333233.618729,15
1685333233.723188,15
1685333233.825579,16
1685333233.927683,16
1685333234.032940,17
1685333234.134762,18
1685333234.237172,17
1685333234.340131,17
1685333234.443004,18
1685333234.544774,17
1685333234.647100,18
1685333234.749557,18
1685333234.853572,18
1685333234.959863,18
1685333235.063872,18
1685333235.167969,19
1685333235.271065,19
1685333235.373266,19
1685333235.475263,19
1685333235.577376,17
1685333235.681776,16
1685333235.791054,14
1685333235.897138,14
1685333235.999262,14
1685333236.103504,14
1685333236.208622,14
1685333236.311679,14
1685333236.414106,13
1685333236.516232,14
1685333236.623049,14
1685333236.726103,15
1685333236.828359,15
1685333236.930566,15
1685333237.032619,15
1685333237.135755,16
1685333237.238403,16
1685333237.341082,16
1685333237.444511,16
1685333237.551907,17
1685333237.653748,17
1685333237.756208,17
1685333237.859989,17
1685333237.967736,17
1685333238.073854,17
1685333238.175895,18
1685333238.279316,18
1685333238.381378,18
1685333238.483498,18
1685333238.585962,18
1685333238.689739,19
1685333238.793004,19
1685333238.903866,19
1685333239.008786,19
1685333239.111977,19
1685333239.221309,19
1685333239.330268,20
1685333239.440330,20
1685333239.550956,19
1685333239.653782,20
1685333239.757494,20
1685333239.862904,20
1685333239.968262,20
1685333240.071959,20
1685333240.175093,20
1685333240.278361,20
1685333240.381900,19
1685333240.484176,20
1685333240.586237,19
1685333240.688663,18
1685333240.792948,13
1685333240.895821,12
1685333241.002162,12
1685333241.104563,18
1685333241.206452,19
1685333241.309899,19
1685333241.412645,19
1685333241.516630,19
1685333241.624068,19
1685333241.727848,20
1685333241.835579,20
1685333241.937617,20
1685333242.040829,20
1685333242.143288,20
1685333242.247682,20
1685333242.351887,20
1685333242.458477,19
1685333242.570626,19
1685333242.672707,19
1685333242.775320,18
1685333242.877345,17
1685333242.979668,17
1685333243.082062,13
1685333243.184104,14
1685333243.289690,13
1685333243.392103,14
1685333243.494508,14
1685333243.596786,14
1685333243.698736,15
1685333243.801590,15
1685333243.903560,16
1685333244.006364,12
1685333244.109910,12
1685333244.213587,11
1685333244.324735,10
1685333244.426984,11
1685333244.534075,10
1685333244.636130,11
1685333244.738467,12
1685333244.840439,12
1685333244.942640,12
1685333245.044759,12
1685333245.146925,13
1685333245.249887,13
1685333245.358049,13
1685333245.460266,14
1685333245.562303,14
1685333245.664621,14
1685333245.766685,14
1685333245.872790,15
1685333245.976735,15
1685333246.080663,14
1685333246.183113,15
1685333246.288446,15
1685333246.391969,15
1685333246.494315,16
1685333246.596275,16
1685333246.698467,16
1685333246.800684,16
1685333246.903003,17
1685333247.005086,17
1685333247.107150,17
1685333247.209354,17
1685333247.312669,17
1685333247.415467,18
1685333247.519635,18
1685333247.622102,18
1685333247.724489,18
1685333247.826822,18
1685333247.928779,18
1685333248.030602,19
1685333248.132787,19
1685333248.235045,19
1685333248.338466,19
1685333248.446264,19
1685333248.548585,19
1685333248.650808,20
1685333248.752698,20
1685333248.862052,19
1685333248.964551,20
1685333249.067065,20
1685333249.169780,20
1685333249.277140,19
1685333249.379898,20
1685333249.481978,20
1685333249.584031,20
1685333249.692943,20
1685333249.796472,20
1685333249.901262,20
1685333250.007555,17
1685333250.109546,11
1685333250.211911,11
1685333250.315250,13
1685333250.417427,13
1685333250.519971,14
1685333250.629669,14
1685333250.731765,14
1685333250.838944,15
1685333250.940755,16
1685333251.046520,16
1685333251.152691,16
1685333251.255975,16
1685333251.358900,18
1685333251.460827,18
1685333251.562916,18
1685333251.665129,18
1685333251.771897,19
1685333251.874050,20
1685333251.977698,20
1685333252.088457,19
1685333252.191662,20
1685333252.296669,19
1685333252.398909,20
1685333252.501235,20
1685333252.603258,19
1685333252.713152,20
1685333252.815398,20
1685333252.917398,20
1685333253.022673,20
1685333253.127817,19
1685333253.230010,18
1685333253.333552,13
1685333253.436195,11
1685333253.538181,12
1685333253.641440,13
1685333253.744054,13
1685333253.847132,14
1685333253.949146,15
1685333254.051535,15
1685333254.154967,15
1685333254.266973,15
1685333254.369392,17
1685333254.471750,15
1685333254.574914,12
1685333254.679983,12
1685333254.782373,11
1685333254.884648,13
1685333254.987698,13
1685333255.089962,12
1685333255.194355,13
1685333255.302138,13
1685333255.405213,13
1685333255.508848,13
1685333255.610646,14
1685333255.714726,14
1685333255.818396,14
1685333255.921417,14
1685333256.024729,15
1685333256.128802,14
1685333256.231828,15
1685333256.336186,15
1685333256.438668,15
1685333256.541716,15
1685333256.643703,16
1685333256.746685,16
1685333256.848646,16
1685333256.950727,15
1685333257.053155,17
1685333257.157837,17
1685333257.260947,17
1685333257.366668,17
1685333257.478849,17
1685333257.583652,17
1685333257.685756,18
1685333257.788118,18
1685333257.890805,18
1685333257.993050,18
1685333258.096217,19
1685333258.197981,19
1685333258.301153,18
1685333258.403425,19
1685333258.509706,19
1685333258.611994,19
1685333258.717183,20
1685333258.830562,20
1685333258.932595,20
1685333259.034514,20
1685333259.138352,20
1685333259.241127,20
1685333259.344433,20
1685333259.448581,20
1685333259.551509,20
1685333259.656161,20
1685333259.758641,20
1685333259.860599,20
1685333259.965946,19
1685333260.070584,19
1685333260.174723,15
1685333260.279668,10
1685333260.382362,11
1685333260.484243,11
1685333260.588180,12
1685333260.689954,13
1685333260.792089,19
1685333260.895475,19
1685333260.997631,18
1685333261.106720,20
1685333261.210299,20
1685333261.313646,20
1685333261.428805,20
1685333261.531335,20
1685333261.635201,20
1685333261.737935,20
1685333261.840548,20
1685333261.942446,20
1685333262.044715,20
1685333262.147284,19
1685333262.251553,17
1685333262.354872,17
1685333262.457330,14
1685333262.559762,12
1685333262.661850,12
1685333262.764329,13
1685333262.868859,13
1685333262.970870,13
1685333263.073048,14
1685333263.177841,15
1685333263.281144,15
1685333263.383754,16
1685333263.487569,16
1685333263.589522,16
1685333263.691780,12
1685333263.793805,12
1685333263.895595,12
1685333263.998055,12
1685333264.108521,11
1685333264.215340,12
1685333264.318620,12
1685333264.420887,12
1685333264.522938,12
1685333264.626585,13
1685333264.731673,13
1685333264.833856,13
1685333264.939705,14
1685333265.043078,14
1685333265.146357,14
1685333265.250019,14
1685333265.359017,15
1685333265.462649,15
1685333265.608613,15
1685333265.712326,15
1685333265.814569,15
1685333265.916754,15
1685333266.023103,16
1685333266.125552,16
1685333266.227635,16
1685333266.331031,16
1685333266.435918,17
1685333266.542477,17
1685333266.644630,17
1685333266.748415,17
1685333266.850273,17
1685333266.952227,18
1685333267.056176,18
1685333267.158395,18
1685333267.261693,18
1685333267.364488,18
1685333267.466947,18
1685333267.572457,19
1685333267.675455,19
1685333267.784854,19
1685333267.890707,18
1685333267.997251,19
1685333268.105666,18
1685333268.207719,20
1685333268.314200,19
1685333268.416297,20
1685333268.518579,20
1685333268.621064,20
1685333268.723409,20
1685333268.825409,19
1685333268.931012,20
1685333269.034538,20
1685333269.136927,20
1685333269.239533,20
1685333269.348191,19
1685333269.451292,19
1685333269.553677,15
1685333269.657882,10
1685333269.760223,11
1685333269.877718,11
1685333269.979646,13
1685333270.083655,14
1685333270.189924,14
1685333270.299034,14
1685333270.401181,14
1685333270.503067,16
1685333270.607160,16
1685333270.710255,16
1685333270.813353,16
1685333270.916710,17
1685333271.022763,18
1685333271.125517,18
1685333271.228402,18
1685333271.332160,19
1685333271.434824,19
1685333271.537606,20
1685333271.640178,20
1685333271.743177,20
1685333271.845904,20
1685333271.948205,20
1685333272.051445,19
1685333272.156202,19
1685333272.258858,20
1685333272.365288,20
1685333272.468822,19
1685333272.571632,19
1685333272.675289,19
1685333272.778058,19
1685333272.880094,16
1685333272.983262,17
1685333273.085876,16
1685333273.190822,16
1685333273.297537,17
1685333273.402377,18
1685333273.505486,17
1685333273.608475,14
1685333273.711228,11
1685333273.815236,11
1685333273.917582,10
1685333274.019892,11
1685333274.121947,11
1685333274.224382,11
1685333274.328041,11
1685333274.431592,12
1685333274.536246,12
1685333274.647220,12
1685333274.751786,13
1685333274.856104,13
1685333274.959010,13
1685333275.064239,14
1685333275.166986,14
1685333275.273038,14
1685333275.375929,14
1685333275.478072,14
1685333275.585096,15
1685333275.687145,14
1685333275.790286,15
1685333275.892441,15
1685333275.995970,16
1685333276.098385,15
1685333276.201692,16
1685333276.305137,16
1685333276.408139,16
1685333276.511179,17
1685333276.613494,17
1685333276.717746,17
1685333276.820887,17
1685333276.926408,17
1685333277.028350,16
1685333277.130173,17
1685333277.235291,18
1685333277.338270,18
1685333277.444645,18
1685333277.547458,18
1685333277.652158,19
1685333277.754323,19
1685333277.858848,18
1685333277.960934,19
1685333278.063054,19
1685333278.165262,19
1685333278.268706,20
1685333278.371843,20
1685333278.474051,20
1685333278.576187,20
1685333278.696810,20
1685333278.805054,19
1685333278.907449,20
1685333279.010325,20
1685333279.112595,20
1685333279.215773,20
1685333279.319205,17
1685333279.427226,18
1685333279.530994,17
1685333279.634552,18
1685333279.737731,14
1685333279.843673,14
1685333279.963112,14
1685333280.067794,14
1685333280.171738,15
1685333280.274693,16
1685333280.377756,16
1685333280.479586,16
1685333280.582353,16
1685333280.684354,17
1685333280.787124,17
1685333280.890930,17
1685333280.993052,17
1685333281.096287,18
1685333281.202469,19
1685333281.305378,18
1685333281.407567,19
1685333281.510074,18
1685333281.612403,19
1685333281.714278,20
1685333281.816311,20
1685333281.924454,20
1685333282.034776,20
1685333282.137695,20
1685333282.240036,20
1685333282.344385,18
1685333282.472693,18
1685333282.575971,17
1685333282.677924,17
1685333282.780161,16
1685333282.882301,16
1685333282.984061,15
1685333283.094828,13
1685333283.198184,11
1685333283.301183,10
1685333283.403637,9
1685333283.507021,10
1685333283.635311,11
1685333283.737758,10
1685333283.839968,11
1685333283.942202,11
1685333284.044722,5
1685333284.147039,0
1685333284.248996,0
1685333284.352332,0
1685333284.467731,0
1685333284.570222,0
1685333284.678478,0
1685333284.783513,0
1685333284.885528,0
1685333284.987892,0
1685333285.089754,0
1685333285.197380,0
1685333285.300740,0
1685333285.403064,0
1685333285.512149,0
1685333285.616092,0
1685333285.718090,0
1685333285.832118,0
1685333285.936188,0
1685333286.068995,0
1685333286.171699,0
1685333286.273682,0
1685333286.382087,0
1685333286.504105,0
1685333286.620359,0
1685333286.722564,0
1685333286.824836,0
1685333286.934461,0
1685333287.038099,0
1685333287.140218,0
1685333287.250944,0
1685333287.356576,0
1685333287.459095,0
1685333287.562637,0
1685333287.664555,0
1685333287.766799,0
1685333287.868816,0
1685333287.970909,0
1685333288.073048,0
1685333288.175027,0
